default_lat=37.7879938
default_lng=-122.4074374